493.5
488
498
501
490.5
502.5
521.5
490.5
489.5
501
501
498.5
496.5
491.5
484
486
488.5
483.5
477
477.5
475
484
491
491
492
487.5
483
488
485
488.5
493
493.5
494
497.5
497.5
498.5
491.5
495.5
499.5
493.5
495
493.5
497
502
495
494.5
487.5
497.5
505.5
522.5
510
498.5
496.5
495
505.5
508
497
490
494
496
496
489
469.5
496.5
487
483
482.5
485.5
496
506
493.5
494.5
491.5
492.5
499
493.5
497
489.5
482
488
493.5
488
498
501
490.5
502.5
521.5
490.5
489.5
501
501
498.5
496.5
491.5
484
486
488.5
483.5
477
477.5
475
484
491
491
492
487.5
483
488
485
488.5
493
493.5
494
497.5
497.5
498.5
491.5
495.5
499.5
493.5
495
493.5
497
502
495
494.5
487.5
497.5
505.5
522.5
510
498.5
496.5
495
505.5
508
497
490
494
496
496
489
469.5
496.5
487
483
482.5
485.5
496
506
493.5
494.5
491.5
492.5
499
493.5
497
489.5
482
488
493.5
488
498
501
490.5
502.5
521.5
490.5
489.5
501
501
498.5
496.5
491.5
484
486
488.5
483.5
477
477.5
475
484
491
491
492
487.5
483
488
485
488.5
493
493.5
494
497.5
497.5
498.5
491.5
495.5
499.5
493.5
495
493.5
497
502
495
494.5
487.5
497.5
505.5
522.5
510
498.5
496.5
495
505.5
508
497
490
494
496
496
489
469.5
496.5
487
483
482.5
485.5
496
506
493.5
494.5
491.5
492.5
499
493.5
497
489.5
482
488
493.5
488
498
501
490.5
502.5
521.5
490.5
489.5
501
501
498.5
496.5
491.5
484
486
488.5
483.5
477
477.5
475
484
491
491
492
487.5
483
488
485
488.5
493
493.5
494
497.5
497.5
498.5
491.5
495.5
499.5
493.5
495
493.5
497
502
495
494.5
487.5
497.5
505.5
522.5
510
498.5
496.5
495
505.5
508
497
490
494
496
496
489
469.5
496.5
487
483
482.5
485.5
496
506
493.5
494.5
491.5
492.5
499
493.5
497
489.5
482
488
