
493.5
488
498
501
490.5
502.5
521.5
490.5
../SteadyHandData/data-201745135111.txt 8.125382263 8.10042918455 10.7833784131 13.9333554055 17.6187298877
493.5
488
498
501
490.5
502.5
521.5
490.5
493.5
488
498
501
490.5
502.5
521.5
490.5
492.5
495.5
495.5
496.5
492
485.5
484
489.5
498
463
479
457.5
486
465
475
475
493.5
488
498
501
490.5
502.5
521.5
490.5
492
489.5
482
498
509.5
499.5
488.5
499
503
515.5
488
489
488
489.5
511
467
490
492.5
495.5
495.5
496.5
492
485.5
484
489.5
495.5
492.5
497
504
499
499.5
497
494.5
498
463
479
457.5
486
465
475
475
480.5
489
490.5
472.5
454
474
440
474
479.5
530.5
488.5
556.5
528
526
547
527.5
495.5
523
512.5
510.5
474
463.5
455
503.5
491
503.5
497.5
501.5
509
514
512.5
505.5
505.5
